1432536341 215.8
1432565007 214.0
1432571715 214.8
1432576258 216.4
1432578363 215.6
1432585065 214.0
1432592110 213.0
1432613063 213.8
1432653239 211.4
1432656734 212.0
1432659231 211.6
1432666026 213.4
1432697412 214.6
1432700807 214.2
1432737590 211.6
1432795613 214.4
1432821916 212.2
1432876491 214.0
1433010925 211.8
1433058145 211.6
1433092358 211.4
1433127617 211.4
1433308369 211.8
1433611617 208.8
1433828196 210.8
1433859317 208.6
1433916133 210.0
1434119335 206.6
1434214502 205.6
1434430579 207.6
1434463826 206.0
1434517045 205.2
1435154978 203.6
